{
 "cells": [
  {
   "cell_type": "code",
   "execution_count": 96,
   "metadata": {},
   "outputs": [],
   "source": [
    "import numpy as np\n",
    "import pandas as pd\n",
    "import matplotlib.pyplot as plt\n",
    "import seaborn as sns\n",
    "import plotly.express as px"
   ]
  },
  {
   "cell_type": "code",
   "execution_count": 32,
   "metadata": {},
   "outputs": [],
   "source": [
    "import warnings\n",
    "warnings.filterwarnings(action='ignore')"
   ]
  },
  {
   "cell_type": "code",
   "execution_count": 33,
   "metadata": {},
   "outputs": [],
   "source": [
    "pd.set_option('display.max_columns', 500)"
   ]
  },
  {
   "attachments": {},
   "cell_type": "markdown",
   "metadata": {},
   "source": [
    "---"
   ]
  },
  {
   "cell_type": "code",
   "execution_count": 34,
   "metadata": {},
   "outputs": [],
   "source": [
    "data_loan_borrowers = pd.read_csv('../../data/interim/loan_borrower.csv')"
   ]
  },
  {
   "attachments": {},
   "cell_type": "markdown",
   "metadata": {},
   "source": [
    "---"
   ]
  },
  {
   "attachments": {},
   "cell_type": "markdown",
   "metadata": {},
   "source": [
    "# <center>**Correlation Analysis**</center>"
   ]
  },
  {
   "attachments": {},
   "cell_type": "markdown",
   "metadata": {},
   "source": [
    "---"
   ]
  },
  {
   "cell_type": "code",
   "execution_count": 76,
   "metadata": {},
   "outputs": [],
   "source": [
    "loan_borrowers = data_loan_borrowers.copy()"
   ]
  },
  {
   "cell_type": "code",
   "execution_count": 86,
   "metadata": {},
   "outputs": [],
   "source": [
    "loan_borrowers = loan_borrowers.drop(columns=['loan_id', 'member_id', 'date', 'term'])"
   ]
  },
  {
   "cell_type": "code",
   "execution_count": 78,
   "metadata": {},
   "outputs": [],
   "source": [
    "loan_borrowers = loan_borrowers.loc[~loan_borrowers['loan_amount'].isna()]"
   ]
  },
  {
   "cell_type": "code",
   "execution_count": 79,
   "metadata": {},
   "outputs": [
    {
     "data": {
      "text/html": [
       "<div>\n",
       "<style scoped>\n",
       "    .dataframe tbody tr th:only-of-type {\n",
       "        vertical-align: middle;\n",
       "    }\n",
       "\n",
       "    .dataframe tbody tr th {\n",
       "        vertical-align: top;\n",
       "    }\n",
       "\n",
       "    .dataframe thead th {\n",
       "        text-align: right;\n",
       "    }\n",
       "</style>\n",
       "<table border=\"1\" class=\"dataframe\">\n",
       "  <thead>\n",
       "    <tr style=\"text-align: right;\">\n",
       "      <th></th>\n",
       "      <th>purpose</th>\n",
       "      <th>is_joint_application</th>\n",
       "      <th>loan_amount</th>\n",
       "      <th>term</th>\n",
       "      <th>term_in_months</th>\n",
       "      <th>interest_rate</th>\n",
       "      <th>monthly_payment</th>\n",
       "      <th>grade</th>\n",
       "      <th>loan_status</th>\n",
       "      <th>residential_state</th>\n",
       "      <th>years_employment</th>\n",
       "      <th>home_ownership</th>\n",
       "      <th>annual_income</th>\n",
       "      <th>income_verified</th>\n",
       "      <th>dti_ratio</th>\n",
       "      <th>length_credit_history</th>\n",
       "      <th>n_total_credit_lines</th>\n",
       "      <th>n_open_credit_lines</th>\n",
       "      <th>n_open_credit_lines_1_year</th>\n",
       "      <th>revolving_balance</th>\n",
       "      <th>revolving_utilization_rate</th>\n",
       "      <th>n_derogatory_record</th>\n",
       "      <th>n_delinquency_2_years</th>\n",
       "      <th>n_charge_off_1_year</th>\n",
       "      <th>n_inquiries_6_months</th>\n",
       "    </tr>\n",
       "  </thead>\n",
       "  <tbody>\n",
       "    <tr>\n",
       "      <th>0</th>\n",
       "      <td>Debt Consolidation</td>\n",
       "      <td>0.0</td>\n",
       "      <td>25190.0</td>\n",
       "      <td>60 months</td>\n",
       "      <td>60.0</td>\n",
       "      <td>6.25</td>\n",
       "      <td>490</td>\n",
       "      <td>E3</td>\n",
       "      <td>Current</td>\n",
       "      <td>NM</td>\n",
       "      <td>10+ years</td>\n",
       "      <td>rent</td>\n",
       "      <td>56471</td>\n",
       "      <td>1</td>\n",
       "      <td>16.8</td>\n",
       "      <td>6</td>\n",
       "      <td>11</td>\n",
       "      <td>9.0</td>\n",
       "      <td>6</td>\n",
       "      <td>14301</td>\n",
       "      <td>49.02</td>\n",
       "      <td>0</td>\n",
       "      <td>19</td>\n",
       "      <td>10</td>\n",
       "      <td>0</td>\n",
       "    </tr>\n",
       "  </tbody>\n",
       "</table>\n",
       "</div>"
      ],
      "text/plain": [
       "              purpose  is_joint_application  loan_amount       term  \\\n",
       "0  Debt Consolidation                   0.0      25190.0  60 months   \n",
       "\n",
       "   term_in_months  interest_rate  monthly_payment grade loan_status  \\\n",
       "0            60.0           6.25              490    E3     Current   \n",
       "\n",
       "  residential_state years_employment home_ownership  annual_income  \\\n",
       "0                NM        10+ years           rent          56471   \n",
       "\n",
       "   income_verified  dti_ratio  length_credit_history  n_total_credit_lines  \\\n",
       "0                1       16.8                      6                    11   \n",
       "\n",
       "   n_open_credit_lines  n_open_credit_lines_1_year  revolving_balance  \\\n",
       "0                  9.0                           6              14301   \n",
       "\n",
       "   revolving_utilization_rate  n_derogatory_record  n_delinquency_2_years  \\\n",
       "0                       49.02                    0                     19   \n",
       "\n",
       "   n_charge_off_1_year  n_inquiries_6_months  \n",
       "0                   10                     0  "
      ]
     },
     "execution_count": 79,
     "metadata": {},
     "output_type": "execute_result"
    }
   ],
   "source": [
    "loan_borrowers.head(1)"
   ]
  },
  {
   "attachments": {},
   "cell_type": "markdown",
   "metadata": {},
   "source": [
    "### **Variables for Encoding**\n",
    "\n",
    "- Impute with average loan amount for each group\n",
    "   - purpose\n",
    "   - grade\n",
    "   - loan_status\n",
    "- Impute with average annual income for each group\n",
    "   - residential_state\n",
    "   - home_ownership\n",
    "- Convert to ordinal scale\n",
    "   - years_employment\n"
   ]
  },
  {
   "cell_type": "code",
   "execution_count": 80,
   "metadata": {},
   "outputs": [],
   "source": [
    "def encode_label(col: str, impute: str, df: pd.DataFrame = loan_borrowers) -> None:\n",
    "   \"\"\"Encode all levels in the categorical variable <col>\n",
    "   with the average value of <impute>.\n",
    "\n",
    "   - impute = 'loan_amount'/'annual_income'\n",
    "   \"\"\"\n",
    "   cat_dict = {}\n",
    "   cats = df[col].unique().tolist()\n",
    "   for cat in cats:\n",
    "      cat_dict[cat] = df.loc[df[col] == cat, impute].mean()\n",
    "   df[col] = df[col].map(cat_dict)"
   ]
  },
  {
   "cell_type": "code",
   "execution_count": 81,
   "metadata": {},
   "outputs": [],
   "source": [
    "loan_amount_cols = ['purpose', 'grade', 'loan_status']\n",
    "annual_income_cols = ['residential_state', 'home_ownership']"
   ]
  },
  {
   "cell_type": "code",
   "execution_count": 82,
   "metadata": {},
   "outputs": [],
   "source": [
    "for col in loan_amount_cols:\n",
    "   encode_label(col=col, impute='loan_amount')\n",
    "   loan_borrowers[col] = loan_borrowers[col].astype('float')"
   ]
  },
  {
   "cell_type": "code",
   "execution_count": 83,
   "metadata": {},
   "outputs": [],
   "source": [
    "for col in annual_income_cols:\n",
    "   encode_label(col=col, impute='annual_income')\n",
    "   loan_borrowers[col] = loan_borrowers[col].astype('float')"
   ]
  },
  {
   "cell_type": "code",
   "execution_count": 90,
   "metadata": {},
   "outputs": [],
   "source": [
    "loan_borrowers['years_employment'] = pd.factorize(loan_borrowers['years_employment'])[0]"
   ]
  },
  {
   "cell_type": "code",
   "execution_count": 91,
   "metadata": {},
   "outputs": [
    {
     "data": {
      "text/html": [
       "<div>\n",
       "<style scoped>\n",
       "    .dataframe tbody tr th:only-of-type {\n",
       "        vertical-align: middle;\n",
       "    }\n",
       "\n",
       "    .dataframe tbody tr th {\n",
       "        vertical-align: top;\n",
       "    }\n",
       "\n",
       "    .dataframe thead th {\n",
       "        text-align: right;\n",
       "    }\n",
       "</style>\n",
       "<table border=\"1\" class=\"dataframe\">\n",
       "  <thead>\n",
       "    <tr style=\"text-align: right;\">\n",
       "      <th></th>\n",
       "      <th>purpose</th>\n",
       "      <th>is_joint_application</th>\n",
       "      <th>loan_amount</th>\n",
       "      <th>term_in_months</th>\n",
       "      <th>interest_rate</th>\n",
       "      <th>monthly_payment</th>\n",
       "      <th>grade</th>\n",
       "      <th>loan_status</th>\n",
       "      <th>residential_state</th>\n",
       "      <th>years_employment</th>\n",
       "      <th>home_ownership</th>\n",
       "      <th>annual_income</th>\n",
       "      <th>income_verified</th>\n",
       "      <th>dti_ratio</th>\n",
       "      <th>length_credit_history</th>\n",
       "      <th>n_total_credit_lines</th>\n",
       "      <th>n_open_credit_lines</th>\n",
       "      <th>n_open_credit_lines_1_year</th>\n",
       "      <th>revolving_balance</th>\n",
       "      <th>revolving_utilization_rate</th>\n",
       "      <th>n_derogatory_record</th>\n",
       "      <th>n_delinquency_2_years</th>\n",
       "      <th>n_charge_off_1_year</th>\n",
       "      <th>n_inquiries_6_months</th>\n",
       "    </tr>\n",
       "  </thead>\n",
       "  <tbody>\n",
       "    <tr>\n",
       "      <th>0</th>\n",
       "      <td>20644.574441</td>\n",
       "      <td>0.0</td>\n",
       "      <td>25190.0</td>\n",
       "      <td>60.0</td>\n",
       "      <td>6.25</td>\n",
       "      <td>490</td>\n",
       "      <td>21148.285082</td>\n",
       "      <td>20451.398677</td>\n",
       "      <td>54748.165043</td>\n",
       "      <td>0</td>\n",
       "      <td>54724.243451</td>\n",
       "      <td>56471</td>\n",
       "      <td>1</td>\n",
       "      <td>16.80</td>\n",
       "      <td>6</td>\n",
       "      <td>11</td>\n",
       "      <td>9.0</td>\n",
       "      <td>6</td>\n",
       "      <td>14301</td>\n",
       "      <td>49.02</td>\n",
       "      <td>0</td>\n",
       "      <td>19</td>\n",
       "      <td>10</td>\n",
       "      <td>0</td>\n",
       "    </tr>\n",
       "    <tr>\n",
       "      <th>1</th>\n",
       "      <td>20644.574441</td>\n",
       "      <td>0.0</td>\n",
       "      <td>21189.0</td>\n",
       "      <td>60.0</td>\n",
       "      <td>10.49</td>\n",
       "      <td>455</td>\n",
       "      <td>20625.598091</td>\n",
       "      <td>20451.398677</td>\n",
       "      <td>54734.720656</td>\n",
       "      <td>1</td>\n",
       "      <td>54724.243451</td>\n",
       "      <td>55038</td>\n",
       "      <td>0</td>\n",
       "      <td>19.99</td>\n",
       "      <td>22</td>\n",
       "      <td>8</td>\n",
       "      <td>7.0</td>\n",
       "      <td>4</td>\n",
       "      <td>18262</td>\n",
       "      <td>72.40</td>\n",
       "      <td>1</td>\n",
       "      <td>0</td>\n",
       "      <td>0</td>\n",
       "      <td>0</td>\n",
       "    </tr>\n",
       "    <tr>\n",
       "      <th>2</th>\n",
       "      <td>20644.574441</td>\n",
       "      <td>0.0</td>\n",
       "      <td>29908.0</td>\n",
       "      <td>60.0</td>\n",
       "      <td>9.11</td>\n",
       "      <td>622</td>\n",
       "      <td>20514.242761</td>\n",
       "      <td>20451.398677</td>\n",
       "      <td>54690.827970</td>\n",
       "      <td>2</td>\n",
       "      <td>54724.243451</td>\n",
       "      <td>56610</td>\n",
       "      <td>1</td>\n",
       "      <td>14.33</td>\n",
       "      <td>5</td>\n",
       "      <td>8</td>\n",
       "      <td>5.0</td>\n",
       "      <td>5</td>\n",
       "      <td>10799</td>\n",
       "      <td>66.27</td>\n",
       "      <td>0</td>\n",
       "      <td>1</td>\n",
       "      <td>1</td>\n",
       "      <td>0</td>\n",
       "    </tr>\n",
       "    <tr>\n",
       "      <th>3</th>\n",
       "      <td>20668.662682</td>\n",
       "      <td>0.0</td>\n",
       "      <td>13053.0</td>\n",
       "      <td>48.0</td>\n",
       "      <td>11.89</td>\n",
       "      <td>343</td>\n",
       "      <td>20625.598091</td>\n",
       "      <td>20451.398677</td>\n",
       "      <td>54749.640233</td>\n",
       "      <td>3</td>\n",
       "      <td>54706.056369</td>\n",
       "      <td>54887</td>\n",
       "      <td>1</td>\n",
       "      <td>14.80</td>\n",
       "      <td>12</td>\n",
       "      <td>14</td>\n",
       "      <td>7.0</td>\n",
       "      <td>3</td>\n",
       "      <td>15272</td>\n",
       "      <td>61.05</td>\n",
       "      <td>1</td>\n",
       "      <td>0</td>\n",
       "      <td>0</td>\n",
       "      <td>3</td>\n",
       "    </tr>\n",
       "    <tr>\n",
       "      <th>4</th>\n",
       "      <td>20644.574441</td>\n",
       "      <td>0.0</td>\n",
       "      <td>24613.0</td>\n",
       "      <td>60.0</td>\n",
       "      <td>15.13</td>\n",
       "      <td>587</td>\n",
       "      <td>20475.886318</td>\n",
       "      <td>20451.398677</td>\n",
       "      <td>54602.958678</td>\n",
       "      <td>1</td>\n",
       "      <td>54724.243451</td>\n",
       "      <td>53522</td>\n",
       "      <td>1</td>\n",
       "      <td>10.14</td>\n",
       "      <td>4</td>\n",
       "      <td>21</td>\n",
       "      <td>19.0</td>\n",
       "      <td>10</td>\n",
       "      <td>19316</td>\n",
       "      <td>56.39</td>\n",
       "      <td>2</td>\n",
       "      <td>14</td>\n",
       "      <td>7</td>\n",
       "      <td>1</td>\n",
       "    </tr>\n",
       "  </tbody>\n",
       "</table>\n",
       "</div>"
      ],
      "text/plain": [
       "        purpose  is_joint_application  loan_amount  term_in_months  \\\n",
       "0  20644.574441                   0.0      25190.0            60.0   \n",
       "1  20644.574441                   0.0      21189.0            60.0   \n",
       "2  20644.574441                   0.0      29908.0            60.0   \n",
       "3  20668.662682                   0.0      13053.0            48.0   \n",
       "4  20644.574441                   0.0      24613.0            60.0   \n",
       "\n",
       "   interest_rate  monthly_payment         grade   loan_status  \\\n",
       "0           6.25              490  21148.285082  20451.398677   \n",
       "1          10.49              455  20625.598091  20451.398677   \n",
       "2           9.11              622  20514.242761  20451.398677   \n",
       "3          11.89              343  20625.598091  20451.398677   \n",
       "4          15.13              587  20475.886318  20451.398677   \n",
       "\n",
       "   residential_state  years_employment  home_ownership  annual_income  \\\n",
       "0       54748.165043                 0    54724.243451          56471   \n",
       "1       54734.720656                 1    54724.243451          55038   \n",
       "2       54690.827970                 2    54724.243451          56610   \n",
       "3       54749.640233                 3    54706.056369          54887   \n",
       "4       54602.958678                 1    54724.243451          53522   \n",
       "\n",
       "   income_verified  dti_ratio  length_credit_history  n_total_credit_lines  \\\n",
       "0                1      16.80                      6                    11   \n",
       "1                0      19.99                     22                     8   \n",
       "2                1      14.33                      5                     8   \n",
       "3                1      14.80                     12                    14   \n",
       "4                1      10.14                      4                    21   \n",
       "\n",
       "   n_open_credit_lines  n_open_credit_lines_1_year  revolving_balance  \\\n",
       "0                  9.0                           6              14301   \n",
       "1                  7.0                           4              18262   \n",
       "2                  5.0                           5              10799   \n",
       "3                  7.0                           3              15272   \n",
       "4                 19.0                          10              19316   \n",
       "\n",
       "   revolving_utilization_rate  n_derogatory_record  n_delinquency_2_years  \\\n",
       "0                       49.02                    0                     19   \n",
       "1                       72.40                    1                      0   \n",
       "2                       66.27                    0                      1   \n",
       "3                       61.05                    1                      0   \n",
       "4                       56.39                    2                     14   \n",
       "\n",
       "   n_charge_off_1_year  n_inquiries_6_months  \n",
       "0                   10                     0  \n",
       "1                    0                     0  \n",
       "2                    1                     0  \n",
       "3                    0                     3  \n",
       "4                    7                     1  "
      ]
     },
     "execution_count": 91,
     "metadata": {},
     "output_type": "execute_result"
    }
   ],
   "source": [
    "loan_borrowers.head()"
   ]
  },
  {
   "attachments": {},
   "cell_type": "markdown",
   "metadata": {},
   "source": [
    "---"
   ]
  },
  {
   "attachments": {},
   "cell_type": "markdown",
   "metadata": {},
   "source": [
    "# <center>**Correlation Matrix**</center>"
   ]
  },
  {
   "attachments": {},
   "cell_type": "markdown",
   "metadata": {},
   "source": [
    "---"
   ]
  },
  {
   "cell_type": "code",
   "execution_count": 106,
   "metadata": {},
   "outputs": [
    {
     "data": {
      "application/vnd.plotly.v1+json": {
       "config": {
        "plotlyServerURL": "https://plot.ly"
       },
       "data": [
        {
         "coloraxis": "coloraxis",
         "hovertemplate": "x: %{x}<br>y: %{y}<br>color: %{z}<extra></extra>",
         "name": "0",
         "type": "heatmap",
         "x": [
          "purpose",
          "is_joint_application",
          "loan_amount",
          "term_in_months",
          "interest_rate",
          "monthly_payment",
          "grade",
          "loan_status",
          "residential_state",
          "years_employment",
          "home_ownership",
          "annual_income",
          "income_verified",
          "dti_ratio",
          "length_credit_history",
          "n_total_credit_lines",
          "n_open_credit_lines",
          "n_open_credit_lines_1_year",
          "revolving_balance",
          "revolving_utilization_rate",
          "n_derogatory_record",
          "n_delinquency_2_years",
          "n_charge_off_1_year",
          "n_inquiries_6_months"
         ],
         "xaxis": "x",
         "y": [
          "purpose",
          "is_joint_application",
          "loan_amount",
          "term_in_months",
          "interest_rate",
          "monthly_payment",
          "grade",
          "loan_status",
          "residential_state",
          "years_employment",
          "home_ownership",
          "annual_income",
          "income_verified",
          "dti_ratio",
          "length_credit_history",
          "n_total_credit_lines",
          "n_open_credit_lines",
          "n_open_credit_lines_1_year",
          "revolving_balance",
          "revolving_utilization_rate",
          "n_derogatory_record",
          "n_delinquency_2_years",
          "n_charge_off_1_year",
          "n_inquiries_6_months"
         ],
         "yaxis": "y",
         "z": [
          [
           1,
           0.002284366752012529,
           0.01012128626587063,
           -0.003163967814224172,
           0.010409635307074259,
           0.011562833451832864,
           0.012935485114054422,
           0.048588310826373965,
           0.005024649753942467,
           -0.0019187698374112968,
           0.0015189392011062336,
           -0.020389890206475542,
           -0.006035666929509243,
           0.005419371055733621,
           0.0006236305235411847,
           0.0024697060429157013,
           -0.0005959127939942784,
           0.0052903059928547614,
           -0.009396053583675857,
           0.0030212320826223118,
           -0.0012142546835344583,
           -0.0004489531912729186,
           -0.0004268209421481974,
           0.000897793674894928
          ],
          [
           0.002284366752012529,
           1,
           -0.003561276738790886,
           0.0039134665462163066,
           -0.003122123817729729,
           -0.005519866251328987,
           0.002671477080040843,
           -0.00012878246067783006,
           0.0020957645479301014,
           0.004086798149038844,
           0.0014900765135771475,
           0.0026558654172405094,
           -0.0028758532850278757,
           0.0006292112341240027,
           -0.0005306466712610943,
           -0.0030317501640513057,
           -0.0036114809720386443,
           -0.003137431040251009,
           -0.00035042299783989277,
           0.0015482221276257315,
           0.0006378843550112802,
           -0.001983982941434385,
           -0.0031003807579731814,
           0.004986514170144517
          ],
          [
           0.01012128626587063,
           -0.003561276738790886,
           1,
           0.003048793322779676,
           0.03514867068171359,
           0.7740053937024146,
           0.04362691638988639,
           0.13185448363967903,
           -0.011853316521996705,
           -0.0035612114102764165,
           -0.0003416626823198081,
           -0.036976272736541145,
           0.003736158339090895,
           0.02513745108497015,
           -0.0033984386463866735,
           0.0012073384297945525,
           0.0039521760337408495,
           0.008830213949275443,
           -0.02526962984331987,
           0.010163469944112649,
           -0.0016733302370118633,
           0.0013936214826252018,
           0.0012105795202891644,
           0.005035837819997231
          ],
          [
           -0.003163967814224172,
           0.0039134665462163066,
           0.003048793322779676,
           1,
           0.004676717214298113,
           -0.5582345290239413,
           0.005686725319904316,
           0.0010062139392304264,
           -0.005036985635401799,
           0.001383041455191958,
           -0.0010307382355265085,
           -0.003225760630208658,
           -0.0025829423526953004,
           -0.0007135589426756619,
           0.00203354681592165,
           -0.00001664314711705658,
           0.0006026607290891609,
           -0.0022846203341038746,
           0.0016106832965021884,
           0.0003651955290277161,
           0.0020689115496520948,
           -0.004726996206754192,
           -0.00466164816455981,
           0.0018566997763109167
          ],
          [
           0.010409635307074259,
           -0.003122123817729729,
           0.03514867068171359,
           0.004676717214298113,
           1,
           0.2693756749796251,
           0.08621518044903473,
           0.252152124954468,
           0.0030342071234013535,
           0.00563959499789082,
           -0.0015463453920955552,
           -0.06903396362854837,
           0.01078014108818132,
           0.04989924061206955,
           -0.004566755810602269,
           -0.004742514030451936,
           -0.004387611746639798,
           0.016537218218231526,
           -0.046889844528384524,
           0.020658439748255063,
           0.0003245642868385688,
           0.0031549656658890514,
           0.00249505596081696,
           0.007967484328564289
          ],
          [
           0.011562833451832864,
           -0.005519866251328987,
           0.7740053937024146,
           -0.5582345290239413,
           0.2693756749796251,
           1,
           0.053842601628957695,
           0.16870562048410354,
           -0.005282874600442856,
           -0.0014444552627478134,
           -0.00036079288182468757,
           -0.04488741657827653,
           0.007307591555142161,
           0.0331733377418047,
           -0.005677558342439642,
           -0.000272346767533944,
           0.0014819320140789004,
           0.012539496561529232,
           -0.032747185277198686,
           0.012942804809617367,
           -0.0018485949123983592,
           0.003989214617830169,
           0.003621144538381866,
           0.004936645363575913
          ],
          [
           0.012935485114054422,
           0.002671477080040843,
           0.04362691638988639,
           0.005686725319904316,
           0.08621518044903473,
           0.053842601628957695,
           1,
           0.32395559506285576,
           0.0010685927865010378,
           0.003081343795458259,
           -0.000803452487146171,
           -0.08964547226172735,
           0.009091111399446707,
           0.05974942147857008,
           -0.016812197294320475,
           0.001464365012381192,
           0.0012605125974124588,
           0.027765019734524093,
           -0.06355277579811491,
           0.028311801390025735,
           0.0036321986058938742,
           0.002149328123547338,
           0.0020381239702442645,
           0.010665211168184587
          ],
          [
           0.048588310826373965,
           -0.00012878246067783006,
           0.13185448363967903,
           0.0010062139392304264,
           0.252152124954468,
           0.16870562048410354,
           0.32395559506285576,
           1,
           -0.0037062741284407644,
           0.014894745094121637,
           0.005396231543944058,
           -0.2788286956116662,
           0.041827253823650185,
           0.17866248653846833,
           -0.03615903638064626,
           -0.0020941041947123646,
           -0.0018833144602806587,
           0.07850202237189424,
           -0.1804506587237589,
           0.08201199830299259,
           0.005446700025457126,
           0.011167870558266391,
           0.011784930452801884,
           0.027218402164588366
          ],
          [
           0.005024649753942467,
           0.0020957645479301014,
           -0.011853316521996705,
           -0.005036985635401799,
           0.0030342071234013535,
           -0.005282874600442856,
           0.0010685927865010378,
           -0.0037062741284407644,
           1,
           -0.0030672248921482788,
           -0.003594072799426854,
           0.019999794342349757,
           0.0011748787399216468,
           0.0003044535723869776,
           0.0035773070496416945,
           0.001954894836706623,
           -0.00020967247718549933,
           0.0016958903164778771,
           0.0019257428243583275,
           -0.00009876582014978567,
           -0.001921546118122058,
           0.002342856215205227,
           0.0026890735443997425,
           0.001782170170449094
          ],
          [
           -0.0019187698374112968,
           0.004086798149038844,
           -0.0035612114102764165,
           0.001383041455191958,
           0.00563959499789082,
           -0.0014444552627478134,
           0.003081343795458259,
           0.014894745094121637,
           -0.0030672248921482788,
           1,
           -0.001876328423424778,
           -0.006563392881525903,
           -0.0012088092057277685,
           0.001785881165857575,
           0.0007546490565476485,
           -0.0004184698965975729,
           -0.0017382562853517011,
           -0.00040817472119117945,
           -0.004883319801190558,
           -0.004626981191594088,
           -0.0014077051144346716,
           -0.0017129481457732738,
           -0.0036859750325685925,
           0.0005684831676040207
          ],
          [
           0.0015189392011062336,
           0.0014900765135771475,
           -0.0003416626823198081,
           -0.0010307382355265085,
           -0.0015463453920955552,
           -0.00036079288182468757,
           -0.000803452487146171,
           0.005396231543944058,
           -0.003594072799426854,
           -0.001876328423424778,
           1,
           0.0025096240477464585,
           0.0004758968446134938,
           0.0006534490299650447,
           -0.0008772827495074077,
           0.000636722364750105,
           -0.0010061764689519692,
           -0.001836872780313435,
           0.0022248094296065915,
           0.00014519227800108313,
           -0.0033201222532515924,
           0.0001390025910489038,
           -0.0012333907830436386,
           -0.0019978285195385195
          ],
          [
           -0.020389890206475542,
           0.0026558654172405094,
           -0.036976272736541145,
           -0.003225760630208658,
           -0.06903396362854837,
           -0.04488741657827653,
           -0.08964547226172735,
           -0.2788286956116662,
           0.019999794342349757,
           -0.006563392881525903,
           0.0025096240477464585,
           1,
           -0.008546460558610186,
           -0.054108357153143535,
           0.011714638501410794,
           0.001655408780381703,
           0.0025314311556186454,
           -0.022379072873829963,
           0.05255781838843032,
           -0.024739500099462807,
           -0.004783752141673712,
           -0.004812798262114403,
           -0.004738930723465446,
           -0.008509941346142948
          ],
          [
           -0.006035666929509243,
           -0.0028758532850278757,
           0.003736158339090895,
           -0.0025829423526953004,
           0.01078014108818132,
           0.007307591555142161,
           0.009091111399446707,
           0.041827253823650185,
           0.0011748787399216468,
           -0.0012088092057277685,
           0.0004758968446134938,
           -0.008546460558610186,
           1,
           0.0061001812363777564,
           -0.006480989521296639,
           0.006439751828228123,
           0.00648164925896897,
           0.009305384717095404,
           -0.004090184639950726,
           -0.0015122883209528442,
           0.004699854891546478,
           0.0006318362080852848,
           0.0012332246096612564,
           0.003914096777569935
          ],
          [
           0.005419371055733621,
           0.0006292112341240027,
           0.02513745108497015,
           -0.0007135589426756619,
           0.04989924061206955,
           0.0331733377418047,
           0.05974942147857008,
           0.17866248653846833,
           0.0003044535723869776,
           0.001785881165857575,
           0.0006534490299650447,
           -0.054108357153143535,
           0.0061001812363777564,
           1,
           -0.007207236655853981,
           -0.0005640277484119766,
           -0.002994233260591285,
           0.012566642483990531,
           -0.03083593817158617,
           0.009029524188638182,
           -0.005523827247392518,
           -0.003940776229599939,
           -0.0035250086548607607,
           0.00507619142474273
          ],
          [
           0.0006236305235411847,
           -0.0005306466712610943,
           -0.0033984386463866735,
           0.00203354681592165,
           -0.004566755810602269,
           -0.005677558342439642,
           -0.016812197294320475,
           -0.03615903638064626,
           0.0035773070496416945,
           0.0007546490565476485,
           -0.0008772827495074077,
           0.011714638501410794,
           -0.006480989521296639,
           -0.007207236655853981,
           1,
           0.003503249583828706,
           0.002044318071481211,
           0.0018473069094301511,
           0.0031801986350542683,
           -0.003552923754743658,
           0.004302871743479124,
           -0.0040843247150467036,
           -0.0054083869485214734,
           0.00180840863712583
          ],
          [
           0.0024697060429157013,
           -0.0030317501640513057,
           0.0012073384297945525,
           -0.00001664314711705658,
           -0.004742514030451936,
           -0.000272346767533944,
           0.001464365012381192,
           -0.0020941041947123646,
           0.001954894836706623,
           -0.0004184698965975729,
           0.000636722364750105,
           0.001655408780381703,
           0.006439751828228123,
           -0.0005640277484119766,
           0.003503249583828706,
           1,
           0.798904809890922,
           0.5926173941378291,
           0.006655512630302176,
           0.004317836542179517,
           -0.0026412385542190307,
           0.002305426964129045,
           0.002201642752655271,
           0.000677190538898782
          ],
          [
           -0.0005959127939942784,
           -0.0036114809720386443,
           0.0039521760337408495,
           0.0006026607290891609,
           -0.004387611746639798,
           0.0014819320140789004,
           0.0012605125974124588,
           -0.0018833144602806587,
           -0.00020967247718549933,
           -0.0017382562853517011,
           -0.0010061764689519692,
           0.0025314311556186454,
           0.00648164925896897,
           -0.002994233260591285,
           0.002044318071481211,
           0.798904809890922,
           1,
           0.7425809871136554,
           0.00501565288975333,
           0.0019354930301985936,
           -0.0036180852034598697,
           0.0039807931507879445,
           0.003953597518789409,
           0.002179937672584176
          ],
          [
           0.0052903059928547614,
           -0.003137431040251009,
           0.008830213949275443,
           -0.0022846203341038746,
           0.016537218218231526,
           0.012539496561529232,
           0.027765019734524093,
           0.07850202237189424,
           0.0016958903164778771,
           -0.00040817472119117945,
           -0.001836872780313435,
           -0.022379072873829963,
           0.009305384717095404,
           0.012566642483990531,
           0.0018473069094301511,
           0.5926173941378291,
           0.7425809871136554,
           1,
           -0.01213808165659284,
           0.004345030520799133,
           -0.0012627829981304802,
           -0.003717224557830033,
           -0.003306047040505533,
           0.0043320735636124446
          ],
          [
           -0.009396053583675857,
           -0.00035042299783989277,
           -0.02526962984331987,
           0.0016106832965021884,
           -0.046889844528384524,
           -0.032747185277198686,
           -0.06355277579811491,
           -0.1804506587237589,
           0.0019257428243583275,
           -0.004883319801190558,
           0.0022248094296065915,
           0.05255781838843032,
           -0.004090184639950726,
           -0.03083593817158617,
           0.0031801986350542683,
           0.006655512630302176,
           0.00501565288975333,
           -0.01213808165659284,
           1,
           0.0684072388432013,
           -0.000824300190756538,
           -0.00754051270014383,
           -0.008848761553678081,
           -0.000052261320280852925
          ],
          [
           0.0030212320826223118,
           0.0015482221276257315,
           0.010163469944112649,
           0.0003651955290277161,
           0.020658439748255063,
           0.012942804809617367,
           0.028311801390025735,
           0.08201199830299259,
           -0.00009876582014978567,
           -0.004626981191594088,
           0.00014519227800108313,
           -0.024739500099462807,
           -0.0015122883209528442,
           0.009029524188638182,
           -0.003552923754743658,
           0.004317836542179517,
           0.0019354930301985936,
           0.004345030520799133,
           0.0684072388432013,
           1,
           0.003536263731698828,
           -0.006313204231495574,
           -0.006150463583953516,
           0.0023006368720038203
          ],
          [
           -0.0012142546835344583,
           0.0006378843550112802,
           -0.0016733302370118633,
           0.0020689115496520948,
           0.0003245642868385688,
           -0.0018485949123983592,
           0.0036321986058938742,
           0.005446700025457126,
           -0.001921546118122058,
           -0.0014077051144346716,
           -0.0033201222532515924,
           -0.004783752141673712,
           0.004699854891546478,
           -0.005523827247392518,
           0.004302871743479124,
           -0.0026412385542190307,
           -0.0036180852034598697,
           -0.0012627829981304802,
           -0.000824300190756538,
           0.003536263731698828,
           1,
           0.0014580153836841366,
           0.0002878631392685139,
           -0.005419913783599514
          ],
          [
           -0.0004489531912729186,
           -0.001983982941434385,
           0.0013936214826252018,
           -0.004726996206754192,
           0.0031549656658890514,
           0.003989214617830169,
           0.002149328123547338,
           0.011167870558266391,
           0.002342856215205227,
           -0.0017129481457732738,
           0.0001390025910489038,
           -0.004812798262114403,
           0.0006318362080852848,
           -0.003940776229599939,
           -0.0040843247150467036,
           0.002305426964129045,
           0.0039807931507879445,
           -0.003717224557830033,
           -0.00754051270014383,
           -0.006313204231495574,
           0.0014580153836841366,
           1,
           0.9780161670012293,
           0.0026738381105824846
          ],
          [
           -0.0004268209421481974,
           -0.0031003807579731814,
           0.0012105795202891644,
           -0.00466164816455981,
           0.00249505596081696,
           0.003621144538381866,
           0.0020381239702442645,
           0.011784930452801884,
           0.0026890735443997425,
           -0.0036859750325685925,
           -0.0012333907830436386,
           -0.004738930723465446,
           0.0012332246096612564,
           -0.0035250086548607607,
           -0.0054083869485214734,
           0.002201642752655271,
           0.003953597518789409,
           -0.003306047040505533,
           -0.008848761553678081,
           -0.006150463583953516,
           0.0002878631392685139,
           0.9780161670012293,
           1,
           0.002311670514650964
          ],
          [
           0.000897793674894928,
           0.004986514170144517,
           0.005035837819997231,
           0.0018566997763109167,
           0.007967484328564289,
           0.004936645363575913,
           0.010665211168184587,
           0.027218402164588366,
           0.001782170170449094,
           0.0005684831676040207,
           -0.0019978285195385195,
           -0.008509941346142948,
           0.003914096777569935,
           0.00507619142474273,
           0.00180840863712583,
           0.000677190538898782,
           0.002179937672584176,
           0.0043320735636124446,
           -0.000052261320280852925,
           0.0023006368720038203,
           -0.005419913783599514,
           0.0026738381105824846,
           0.002311670514650964,
           1
          ]
         ]
        }
       ],
       "layout": {
        "coloraxis": {
         "colorscale": [
          [
           0,
